# Created by Octave 4.2.1, Sat Nov 25 11:43:39 2017 STD <eze@DESKTOP-0JU4CSG>
# name: intensidad
# type: matrix
# rows: 765
# columns: 3
 0.001938069055608019 -0.05189473684090764 0.02590048114416222
 0.001938069055608019 -0.05189473684090764 0.02590048114416222
 0.003830372141615149 -0.04556676850868838 0.02916855364304814
 0.004042552539342422 -0.04528469687321601 0.02452025540329769
 0.003467999564743491 -0.04592733070231584 0.02332642950646168
 0.002357921300483242 -0.04837491662588981 0.02150126726827095
 0.002781899130251513 -0.04923712905347448 0.02232013494318183
 0.002543346322764882 -0.04953091595744061 0.02202794953208557
 0.004026398350394115 -0.04549724282909837 0.02443185995989305
 0.00689094686866506 -0.0389147937983497 0.0284322847036542
 0.007449833065189124 -0.03670224436096111 0.02690590533088236
 0.004479864538005524 -0.0414575292874317 0.02945175676804813
 0.004945220069422636 -0.04192981301626415 0.03045444797237077
 0.0008612043608664861 -0.04982066431416967 0.02587235057375224
 0.002923561619110693 -0.04572228739237823 0.02275182430926917
 0.0069787156409467 -0.037613841954544 0.02937081174799466
 0.007189694919021566 -0.03700304649999855 0.02960400303587345
 0.006793516916570586 -0.0369507020536973 0.03040104166666667
 0.006588438791570586 -0.03664365061096111 0.02934396933489306
 0.006611608215590194 -0.03735196305525702 0.03075638160093584
 0.009848347158326378 -0.03040780293382208 0.03425719279188949
 0.009506306577889659 -0.03093337111564026 0.03371526153074867
 0.009082589861089303 -0.03198838935873295 0.03267646710672906
 0.009190864705117823 -0.03274944662254756 0.03247878718248664
 0.008948917429048305 -0.03367072280347448 0.03194019816733512
 0.008721836184618715 -0.03470171865351904 0.03151345254010696
 0.008481246695982351 -0.03488362735449944 0.03081454016265598
 0.008652867546026915 -0.03454670458823384 0.03067045802696079
 0.00880958754936916 -0.03464542269763669 0.030552034592246
 0.008961729372007307 -0.03463892968850122 0.03046884400066846
 0.008863672748789837 -0.03433676976203063 0.03048740042892158
 0.008486103397185559 -0.03511224046167413 0.02940033492090019
 0.008626895509485024 -0.03519417771100568 0.02907030553698753
 0.008609905759039391 -0.03504826778453509 0.02886242479946525
 0.008594360833682885 -0.03478962668605024 0.02852433572860963
 0.008641796356187342 -0.03422870380837644 0.02870117883801248
 0.008245792429048304 -0.03461614323016789 0.02758116087344029
 0.007933919100171299 -0.03498852513747627 0.02720717747326204
 0.007843104009930657 -0.03482122135516789 0.02667511628230838
 0.007822389047809445 -0.03450341205815362 0.02665111129679145
 0.007790498450661495 -0.03450823394429445 0.0260323606004902
 0.008075686034217645 -0.03370324007174542 0.0263784223206328
 0.008052185867105346 -0.03361550611452618 0.02638608163435829
 0.007815217144957394 -0.03354632858556005 0.02572358581216578
 0.008518081031989481 -0.03223898817780603 0.02684786862188058
 0.008853454527978786 -0.03153419205481138 0.02704701077874332
 0.008836604037782707 -0.03130013039037288 0.02689546081216578
 0.008684967033549195 -0.03111070163591655 0.02653836271724599
 0.008700773071873617 -0.03098214701804667 0.02658064561051694
 0.008593977867996611 -0.03078204744696824 0.02629410023952763
 0.009082520230964525 -0.02936812072571156 0.02743013313279858
 0.008579912582791619 -0.02990677937098785 0.02630755626114083
 0.008672294350839748 -0.02953366634736931 0.02640604807263815
 0.008840364064520675 -0.02907981719407163 0.02639135611631017
 0.008642423027310336 -0.02919864100200389 0.02625651737967915
 0.008561425784663278 -0.02908187128275256 0.02596337455436721
 0.009075957591704275 -0.02817701040374186 0.02666477620877897
 0.009184354288451156 -0.02790637551626414 0.02673299632352942
 0.009198680686624062 -0.02744620742914293 0.0266500494373886
 0.008949126319422636 -0.02787260490574721 0.02594032698306596
 0.00866249391077736 -0.02799882691443705 0.02557833737188058
 0.008603552010153474 -0.02799839172615719 0.02549103860294118
 0.008312689571427983 -0.02807764821568482 0.02467711466688949
 0.008981156176820141 -0.02668568979879534 0.02581011864973263
 0.008882333622230123 -0.02635710523997181 0.02566570577094475
 0.0084636999045385 -0.02697549037811798 0.02493681762477719
 0.008295665005919961 -0.02707937852428553 0.02479219585561498
 0.008222988563183776 -0.02706875993025701 0.02476702456550803
 0.008648776776196253 -0.02694842166711085 0.02485902336786988
 0.008711722408994827 -0.02601522132731584 0.02541357508912656
 0.008268213329226557 -0.02656479449465095 0.02449461410984849
 0.008194701324993045 -0.02666706374041744 0.02460269747103387
 0.008076434558058999 -0.02688531936653152 0.0246706912878788
 0.007928870916124953 -0.02755660599197715 0.02423099445744207
 0.007269525857078608 -0.0283502327466563 0.02332059798351159
 0.007140779756365595 -0.02838085259402707 0.02308310703542782
 0.007085876402978785 -0.02822538593293081 0.02300935132575758
 0.007094997949324597 -0.02816123918047983 0.02313915928587345
 0.007012921439743492 -0.02792811752272582 0.02276002325646168
 0.006898536552265773 -0.02731921948908054 0.02276989332664885
 0.006852789560287164 -0.02727098322014115 0.02265129581662211
 0.006848994718486807 -0.02689755686096111 0.02256384037990197
 0.006863686674814793 -0.02641373193894685 0.02288319894719252
 0.006610633393843313 -0.02660253402228019 0.02237890276849377
 0.00656163119353137 -0.02695717765530158 0.02192482731729056
 0.006021144757479677 -0.02745139487343883 0.02139711800913548
 0.006156157569422636 -0.02638875213168304 0.02168206188725491
 0.006014564710688233 -0.02664572210717323 0.02104393660873441
 0.006136347798923527 -0.02652460050512332 0.02123461870543673
 0.005868062928157038 -0.02689355312878642 0.0208639253286542
 0.005689357212916397 -0.02700873876269908 0.02053692485516935
 0.005351285549591976 -0.02766639529121958 0.01972629094251338
 0.005361260064966308 -0.02759502441332297 0.01975476966354724
 0.005396475500572369 -0.0272421389409522 0.01961766794786097
 0.00516392829134777 -0.02732263136519462 0.01954567039884136
 0.004766235833682885 -0.02851530836497181 0.01833558586786988
 0.004840026358415505 -0.02817619224977573 0.01844366922905526
 0.004869723606632974 -0.02835258276336753 0.0183825165719697
 0.004722786635821923 -0.02874896965619284 0.01788920454545455
 0.005081799559173082 -0.02830775837054222 0.01828654885249555
 0.005157261206900354 -0.02755366411920532 0.01876762338458111
 0.005223949458905702 -0.02755979157018571 0.0186141585895722
 0.005050587855741709 -0.02754341108333188 0.01828461661653298
 0.005331057998344204 -0.02674699912366165 0.0188216563614082
 0.005627751960019784 -0.02606733947571156 0.01894378760026738
 0.005123612449101781 -0.02641303563769908 0.01815865572081106
 0.005233593231187342 -0.02651194522994507 0.01837384762143494
 0.005038889994779142 -0.02673909610449944 0.01779102606951872
 0.005111879773076825 -0.02656213114237823 0.01791583806818182
 0.004916462827889659 -0.02613425402562243 0.0179677821412656
 0.005214601614654365 -0.02632739058422314 0.01812544215129234
 0.005197524826552761 -0.02630490005392011 0.01757968123328878
 0.005211694556944917 -0.02632779095744061 0.01752301971925134
 0.005101661552265773 -0.02650473851203063 0.01733750765931373
 0.004867791370670407 -0.02644518734781495 0.01694293114973263
 0.004750447202889659 -0.02654258248484703 0.01683272406974154
 0.004826883672363812 -0.02640932783355469 0.01681662210338682
 0.004785070782435114 -0.02634702627941031 0.01683700632241534
 0.004658274325215862 -0.02666890893872404 0.01640329768270945
 0.004574457062515328 -0.02660018400556896 0.01635497437611409
 0.00438750017748859 -0.02657699717401815 0.01585440340909092
 0.004277258282435113 -0.02652052714282386 0.01583107731729056
 0.004184510956231905 -0.02663639167045309 0.01585273228609626
 0.004132566883148126 -0.02634770517312689 0.01557038213012478
 0.003951197815634757 -0.02648047241354578 0.0155233295733066
